list(N1=5.00000E+00, s=c(0.00000E+00, 0.00000E+00, 1.00000E+00, 1.00000E+00, 0.00000E+00), n=c(1.00000E+00, 3.00000E+00, 1.00000E+00, 1.00000E+00, 3.00000E+00), d=c(-1.47222E+00, -8.67301E-01, -4.23649E-01, -1.00335E-01, 2.02733E-01), low=1.00000E+00, high=1.00000E+00)
