list(x=c(2.00000E+01, 4.00000E+00, 1.10000E+01, 1.00000E+01, 5.00000E+00, 3.60000E+01, 9.00000E+00, 7.00000E+00, 4.00000E+00,     NA), n=c(2.00000E+01, 1.00000E+01, 1.60000E+01, 1.90000E+01, 1.40000E+01, 4.60000E+01, 1.00000E+01, 9.00000E+00, 6.00000E+00, 1.00000E+00), I=1.00000E+01)
