list(a=4.00000E+00, b=2.00000E+00, p=c(5.00000E-01, 5.00000E-01, 5.00000E-01, 5.00000E-01, 5.00000E-01, 5.00000E-01, 5.00000E-01, 5.00000E-01, 5.00000E-01, 5.00000E-01), x=c(    NA,     NA,     NA,     NA,     NA,     NA,     NA,     NA,     NA, 0.00000E+00))
