list(N1=1.00000E+00, s=c(0.00000E+00, 0.00000E+00), n=c(1.00000E+00, 0.00000E+00), d=c(-5.94444E+00, 0.00000E+00), low=1.00000E+00, high=1.00000E+00)
