list(N1=4.00000E+00, s=c(0.00000E+00, 1.00000E+00, 1.00000E+00, 3.00000E+00), n=c(3.00000E+00, 6.00000E+00, 9.00000E+00, 6.00000E+00), d=c(-5.94444E+00, -5.19722E+00, -4.38629E+00, -3.84730E+00), low=1.00000E+00, high=1.00000E+00)
